# match3 sprite atlas index: name x y w h  (generated by tools/gen_assets.py)
badge_1 756 1186 48 48
badge_2 806 1186 48 48
badge_3 856 1186 48 48
badge_4 906 1186 48 48
badge_5 956 1186 48 48
badge_6 0 1248 48 48
badge_7 50 1248 48 48
badge_8 100 1248 48 48
badge_9 150 1248 48 48
balloon_c1 0 0 112 112
balloon_c2 114 0 112 112
balloon_c3 228 0 112 112
balloon_c4 342 0 112 112
balloon_c5 456 0 112 112
belt 570 0 112 112
bomb_glow 684 0 112 112
bomb_mark 798 0 112 112
bottle_c1 912 0 112 112
bottle_c2 0 114 112 112
bottle_c3 114 114 112 112
bottle_c4 228 114 112 112
bottle_c5 342 114 112 112
cake_1 456 114 112 112
cake_2 570 114 112 112
cake_3 684 114 112 112
carpet_covered 798 114 112 112
carpet_open 912 114 112 112
chain_1 0 228 112 112
chain_2 114 228 112 112
chest 228 228 112 112
choco 342 228 112 112
cookie 456 228 112 112
countdown_1 570 228 112 112
countdown_2 684 228 112 112
countdown_3 798 228 112 112
countdown_4 912 228 112 112
countdown_5 0 342 112 112
countdown_6 114 342 112 112
countdown_7 228 342 112 112
countdown_8 342 342 112 112
countdown_9 456 342 112 112
curtain_1 570 342 112 112
curtain_2 684 342 112 112
flip_mark 798 342 112 112
fog_1 912 342 112 112
fog_2 0 456 112 112
freeze_1 114 456 112 112
freeze_2 228 456 112 112
g_120 970 1026 40 60
g_33 0 1124 40 60
g_43 42 1124 40 60
g_45 84 1124 40 60
g_47 126 1124 40 60
g_48 168 1124 40 60
g_49 210 1124 40 60
g_50 252 1124 40 60
g_51 294 1124 40 60
g_52 336 1124 40 60
g_53 378 1124 40 60
g_54 420 1124 40 60
g_55 462 1124 40 60
g_56 504 1124 40 60
g_57 546 1124 40 60
g_58 588 1124 40 60
g_63 630 1124 40 60
g_65 672 1124 40 60
g_66 714 1124 40 60
g_67 756 1124 40 60
g_68 798 1124 40 60
g_69 840 1124 40 60
g_70 882 1124 40 60
g_71 924 1124 40 60
g_72 966 1124 40 60
g_73 0 1186 40 60
g_74 42 1186 40 60
g_75 84 1186 40 60
g_76 126 1186 40 60
g_77 168 1186 40 60
g_78 210 1186 40 60
g_79 252 1186 40 60
g_80 294 1186 40 60
g_81 336 1186 40 60
g_82 378 1186 40 60
g_83 420 1186 40 60
g_84 462 1186 40 60
g_85 504 1186 40 60
g_86 546 1186 40 60
g_87 588 1186 40 60
g_88 630 1186 40 60
g_89 672 1186 40 60
g_90 714 1186 40 60
gem_c1 342 456 112 112
gem_c2 456 456 112 112
gem_c3 570 456 112 112
gem_c4 684 456 112 112
gem_c5 798 456 112 112
grass 912 456 112 112
hint_glow 0 570 112 112
honey 114 570 112 112
ice_1 228 570 112 112
ice_2 342 570 112 112
ice_3 456 570 112 112
icon_cross 442 1026 64 64
icon_hammer 508 1026 64 64
icon_moves 574 1026 64 64
icon_multi 640 1026 64 64
icon_score 706 1026 64 64
icon_swap 772 1026 64 64
line_h 570 570 112 112
line_v 684 570 112 112
magic_hat 798 570 112 112
maker_c1 912 570 112 112
maker_c2 0 684 112 112
maker_c3 114 684 112 112
maker_c4 228 684 112 112
maker_c5 342 684 112 112
medal 570 912 96 96
name_0 200 1248 78 44
name_1 280 1248 78 44
name_10 360 1248 78 44
name_11 440 1248 78 44
name_12 520 1248 78 44
name_13 600 1248 78 44
name_14 680 1248 78 44
name_15 760 1248 78 44
name_16 840 1248 78 44
name_17 920 1248 78 44
name_18 0 1298 78 44
name_19 80 1298 78 44
name_2 160 1298 78 44
name_20 240 1298 78 44
name_21 320 1298 78 44
name_22 400 1298 78 44
name_23 480 1298 78 44
name_24 560 1298 78 44
name_25 640 1298 78 44
name_26 720 1298 78 44
name_27 800 1298 78 44
name_28 880 1298 78 44
name_29 0 1344 78 44
name_3 80 1344 78 44
name_30 160 1344 78 44
name_31 240 1344 78 44
name_32 320 1344 78 44
name_33 400 1344 78 44
name_34 480 1344 78 44
name_35 560 1344 78 44
name_36 640 1344 78 44
name_37 720 1344 78 44
name_4 800 1344 78 44
name_5 880 1344 78 44
name_6 0 1390 78 44
name_7 80 1390 78 44
name_8 160 1390 78 44
name_9 240 1390 78 44
node_cur 196 1026 80 80
node_done 278 1026 80 80
node_lock 360 1026 80 80
panel_bar 668 912 96 96
panel_chip 766 912 96 96
panel_dark 864 912 96 96
panel_fill 0 1026 96 96
panel_gold 98 1026 96 96
portal 456 684 112 112
rainbow 570 684 112 112
safe 684 684 112 112
sel_ring 798 684 112 112
snail 912 684 112 112
spark 308 1604 32 32
star_off 838 1026 64 64
star_on 904 1026 64 64
steam 0 798 112 112
stone_1 114 798 112 112
stone_2 228 798 112 112
stone_3 342 798 112 112
surprise 456 798 112 112
tile_a 570 798 112 112
tile_b 684 798 112 112
time_spirit 798 798 112 112
ufo_c1 912 798 112 112
ufo_c2 0 912 112 112
ufo_c3 114 912 112 112
ufo_c4 228 912 112 112
ufo_c5 342 912 112 112
vine 456 912 112 112
zh_ch1 320 1390 104 40
zh_ch2 426 1390 104 40
zh_ch3 532 1390 104 40
zh_ch4 638 1390 104 40
zh_ch5 744 1390 104 40
zh_ch6 850 1390 104 40
zh_ch7 0 1436 104 40
zh_clear 106 1436 104 40
zh_combo 212 1436 72 40
zh_daily 286 1436 136 40
zh_goal 424 1436 72 40
zh_help_more 498 1436 350 40
zh_k_cross 850 1436 104 40
zh_k_daily 0 1478 136 40
zh_k_hammer 138 1478 72 40
zh_k_hint 212 1478 72 40
zh_k_map 286 1478 136 40
zh_k_next 424 1478 104 40
zh_k_play 530 1478 136 40
zh_k_quit 668 1478 72 40
zh_k_retry 742 1478 136 40
zh_k_shuffle 880 1478 72 40
zh_k_swap 0 1520 136 40
zh_k_undo 138 1520 72 40
zh_legend 212 1520 72 40
zh_lose 286 1520 72 40
zh_map 360 1520 136 40
zh_map_hint 498 1520 344 40
zh_moves 844 1520 72 40
zh_next 918 1520 104 40
zh_pause 0 1562 72 40
zh_retry 74 1562 140 40
zh_score 216 1562 72 40
zh_shuffle 290 1562 104 40
zh_tip 396 1562 206 40
zh_tool_cross 604 1562 200 40
zh_tool_hammer 806 1562 200 40
zh_tool_swap 0 1604 200 40
zh_win 202 1604 104 40
